PY=/path/to/venv/bin/python
LAT=32.986411784
LON=-96.75049406
KEEPALIVE_SECS=15
RETRY_DELAY=2
