PY=/path/to/venv/bin/python
LAT=32.988962221
LON=-96.75038815230
KEEPALIVE_SECS=15
RETRY_DELAY=2
